Runtime (ms):,40046
Average checktime (ms):,40.226501
Cubesize:,100
Devisions:,6
Total cells:,216

Time per collision check(ms),TimeStamp,Collisions Checked,Collisions
40,40,621,353
40,80,661,357
40,120,670,363
40,160,665,360
42,202,680,374
40,242,690,368
39,281,670,363
40,321,659,357
40,361,651,353
39,400,670,358
40,440,687,366
40,480,693,364
40,520,730,380
40,560,763,387
40,600,744,380
39,639,699,364
40,679,749,391
40,719,756,386
40,759,754,371
39,798,742,376
41,839,748,377
40,879,741,368
41,920,752,382
40,960,748,386
40,1000,713,374
39,1039,695,371
40,1079,697,376
39,1118,695,377
40,1158,698,375
40,1198,699,371
40,1238,691,367
40,1278,721,379
40,1318,698,372
39,1357,699,369
39,1396,715,374
40,1436,719,376
40,1476,756,380
41,1517,788,390
40,1557,763,380
41,1598,745,376
39,1637,784,389
40,1677,766,385
40,1717,728,379
40,1757,720,375
40,1797,722,378
39,1836,726,383
40,1876,748,389
40,1916,734,379
40,1956,715,377
41,1997,733,384
40,2037,749,385
40,2077,727,387
40,2117,717,385
40,2157,694,379
41,2198,733,393
40,2238,728,386
40,2278,729,387
41,2319,734,393
40,2359,720,385
40,2399,729,389
40,2439,733,392
40,2479,708,383
40,2519,706,384
40,2559,743,394
41,2600,765,398
41,2641,763,401
39,2680,736,385
39,2719,693,377
40,2759,690,375
41,2800,733,393
40,2840,749,393
41,2881,745,391
41,2922,721,374
41,2963,717,379
41,3004,714,381
40,3044,699,377
40,3084,695,374
40,3124,707,374
41,3165,716,379
41,3206,738,381
40,3246,733,375
41,3287,706,371
39,3326,709,373
40,3366,735,383
41,3407,766,395
40,3447,770,395
41,3488,800,402
40,3528,779,399
41,3569,767,396
41,3610,783,394
41,3651,825,405
41,3692,832,410
40,3732,806,400
43,3775,773,395
43,3818,777,391
41,3859,762,391
39,3898,741,379
40,3938,736,377
40,3978,730,369
40,4018,716,369
40,4058,719,373
40,4098,747,383
41,4139,760,383
39,4178,736,380
40,4218,755,389
40,4258,757,392
40,4298,735,382
40,4338,730,380
39,4377,740,384
42,4419,746,388
40,4459,763,390
40,4499,746,387
40,4539,725,380
39,4578,716,380
40,4618,717,383
40,4658,723,384
41,4699,715,381
41,4740,736,385
41,4781,746,391
41,4822,710,379
41,4863,698,375
39,4902,672,366
40,4942,690,371
41,4983,682,372
39,5022,675,368
40,5062,708,376
40,5102,716,378
40,5142,721,388
42,5184,720,390
40,5224,721,390
41,5265,709,393
40,5305,725,393
39,5344,675,371
41,5385,694,379
40,5425,757,405
40,5465,774,403
40,5505,749,391
40,5545,731,388
40,5585,725,388
40,5625,729,389
40,5665,729,383
40,5705,719,382
41,5746,725,385
41,5787,729,388
40,5827,738,387
41,5868,732,387
40,5908,721,383
40,5948,701,373
40,5988,745,394
40,6028,729,387
40,6068,698,372
40,6108,687,370
39,6147,688,371
41,6188,664,363
42,6230,712,376
41,6271,732,385
40,6311,748,386
40,6351,742,380
40,6391,729,375
39,6430,712,373
40,6470,703,366
40,6510,696,365
40,6550,705,367
40,6590,693,363
39,6629,690,363
41,6670,715,379
40,6710,694,364
40,6750,669,361
40,6790,672,365
41,6831,693,371
40,6871,728,384
40,6911,721,382
40,6951,682,367
40,6991,666,362
40,7031,662,364
40,7071,702,370
40,7111,697,367
41,7152,732,386
40,7192,728,381
40,7232,716,369
41,7273,667,358
39,7312,692,367
39,7351,703,370
40,7391,704,367
40,7431,679,363
40,7471,673,359
40,7511,688,362
40,7551,714,368
41,7592,728,371
39,7631,704,364
40,7671,693,359
39,7710,672,355
39,7749,681,356
39,7788,706,360
40,7828,719,373
39,7867,729,376
40,7907,716,370
41,7948,686,355
42,7990,669,356
41,8031,657,355
41,8072,680,361
39,8111,694,365
39,8150,681,355
40,8190,665,350
39,8229,675,353
39,8268,631,342
39,8307,622,342
42,8349,657,357
40,8389,647,345
41,8430,641,352
41,8471,641,348
41,8512,659,355
40,8552,677,356
40,8592,672,348
41,8633,669,353
40,8673,687,360
41,8714,678,360
40,8754,687,360
40,8794,713,370
39,8833,727,369
40,8873,734,366
40,8913,709,362
39,8952,713,362
40,8992,702,362
40,9032,710,366
40,9072,717,372
39,9111,715,368
39,9150,707,374
39,9189,731,372
40,9229,715,368
40,9269,708,365
40,9309,701,359
41,9350,679,358
41,9391,706,362
40,9431,702,367
40,9471,748,377
41,9512,772,383
41,9553,728,371
41,9594,703,367
40,9634,722,375
40,9674,716,372
39,9713,687,365
39,9752,687,371
39,9791,721,379
40,9831,731,381
41,9872,737,384
41,9913,745,391
40,9953,725,375
40,9993,713,371
39,10032,695,362
40,10072,709,365
40,10112,710,362
40,10152,701,361
40,10192,735,376
40,10232,749,377
41,10273,746,377
42,10315,768,388
40,10355,780,392
41,10396,770,377
41,10437,793,386
40,10477,765,377
41,10518,766,383
40,10558,755,379
41,10599,761,382
40,10639,758,377
41,10680,720,366
40,10720,702,368
41,10761,699,372
41,10802,711,367
40,10842,711,379
40,10882,711,374
39,10921,740,379
40,10961,745,380
40,11001,753,382
40,11041,747,372
41,11082,776,386
41,11123,779,385
41,11164,756,384
40,11204,753,384
41,11245,749,384
41,11286,756,384
40,11326,761,388
41,11367,760,385
40,11407,766,388
40,11447,767,384
40,11487,774,386
40,11527,804,401
41,11568,757,378
40,11608,729,380
40,11648,720,379
44,11692,722,378
43,11735,735,381
41,11776,710,376
40,11816,710,370
39,11855,729,382
41,11896,734,379
40,11936,748,385
40,11976,763,388
40,12016,763,390
42,12058,776,395
43,12101,765,389
40,12141,754,390
41,12182,714,374
40,12222,703,379
40,12262,715,379
40,12302,721,381
40,12342,750,388
40,12382,771,400
41,12423,780,397
41,12464,758,386
43,12507,777,385
41,12548,798,395
41,12589,777,387
41,12630,769,388
40,12670,752,381
41,12711,773,391
40,12751,780,399
40,12791,751,388
39,12830,757,383
41,12871,760,385
40,12911,736,383
40,12951,752,390
40,12991,725,380
40,13031,686,367
39,13070,701,373
40,13110,694,373
39,13149,699,366
40,13189,677,359
39,13228,685,366
40,13268,677,369
40,13308,695,371
41,13349,717,377
41,13390,738,385
41,13431,739,385
40,13471,753,384
40,13511,709,365
39,13550,718,369
41,13591,741,378
40,13631,767,388
41,13672,764,382
40,13712,764,381
40,13752,773,385
40,13792,761,379
41,13833,748,385
40,13873,736,378
42,13915,734,382
40,13955,756,392
40,13995,782,395
39,14034,764,386
40,14074,738,378
39,14113,736,380
40,14153,751,385
40,14193,725,368
40,14233,701,367
40,14273,708,371
41,14314,741,375
39,14353,749,378
41,14394,727,370
41,14435,750,374
41,14476,746,370
40,14516,767,378
41,14557,769,383
41,14598,793,385
39,14637,791,387
40,14677,795,388
40,14717,816,389
40,14757,804,387
40,14797,782,384
40,14837,757,380
40,14877,741,381
40,14917,775,392
40,14957,832,406
40,14997,802,393
39,15036,766,381
39,15075,754,377
40,15115,741,379
40,15155,744,371
40,15195,752,378
42,15237,729,369
41,15278,686,362
41,15319,682,364
39,15358,687,371
40,15398,708,382
40,15438,709,380
41,15479,725,382
40,15519,704,382
40,15559,664,362
41,15600,639,351
40,15640,647,357
41,15681,664,360
39,15720,691,365
40,15760,688,361
39,15799,652,356
40,15839,684,371
41,15880,671,362
40,15920,652,359
39,15959,635,353
40,15999,653,360
40,16039,637,356
40,16079,630,351
41,16120,646,358
40,16160,656,364
41,16201,660,365
40,16241,657,357
42,16283,634,354
41,16324,653,360
40,16364,630,353
39,16403,626,351
39,16442,653,357
41,16483,711,371
40,16523,713,368
40,16563,701,362
39,16602,705,363
39,16641,690,357
40,16681,675,354
39,16720,711,367
39,16759,699,359
39,16798,702,362
40,16838,696,353
40,16878,716,364
40,16918,676,353
40,16958,701,362
41,16999,688,351
40,17039,701,359
40,17079,670,350
39,17118,639,346
39,17157,647,346
39,17196,628,340
39,17235,645,347
39,17274,616,334
40,17314,614,338
41,17355,623,347
40,17395,625,345
39,17434,615,343
40,17474,644,352
40,17514,655,358
41,17555,687,370
40,17595,680,360
40,17635,674,358
41,17676,673,360
40,17716,695,372
40,17756,683,367
41,17797,661,358
40,17837,674,366
40,17877,659,357
40,17917,681,360
40,17957,669,360
42,17999,684,360
41,18040,676,354
40,18080,673,361
40,18120,684,359
40,18160,667,353
40,18200,665,356
40,18240,678,358
41,18281,688,365
40,18321,681,360
40,18361,655,353
39,18400,633,345
39,18439,671,358
40,18479,679,356
41,18520,697,368
40,18560,706,363
41,18601,717,369
40,18641,692,360
40,18681,702,362
41,18722,713,370
40,18762,730,379
41,18803,735,378
41,18844,815,399
40,18884,806,383
44,18928,763,373
40,18968,737,369
41,19009,711,357
39,19048,729,363
40,19088,717,362
40,19128,710,363
40,19168,714,365
41,19209,707,369
40,19249,737,378
40,19289,727,383
40,19329,723,375
40,19369,752,390
40,19409,728,381
40,19449,717,372
40,19489,737,381
41,19530,772,385
40,19570,765,389
41,19611,728,378
40,19651,742,381
40,19691,736,379
41,19732,729,376
41,19773,745,383
41,19814,760,383
40,19854,772,386
40,19894,730,380
40,19934,660,354
39,19973,647,357
39,20012,671,366
40,20052,698,376
40,20092,703,372
43,20135,728,379
41,20176,725,381
39,20215,727,376
41,20256,741,387
40,20296,736,378
40,20336,723,372
40,20376,725,381
41,20417,716,378
40,20457,718,382
40,20497,727,386
41,20538,726,385
40,20578,727,384
42,20620,719,378
39,20659,698,372
40,20699,698,371
42,20741,696,368
40,20781,693,366
41,20822,721,378
41,20863,769,392
39,20902,779,389
41,20943,752,380
40,20983,744,382
40,21023,745,382
40,21063,765,390
40,21103,768,391
40,21143,766,388
41,21184,784,388
40,21224,806,395
40,21264,781,395
41,21305,738,382
41,21346,757,391
40,21386,763,393
42,21428,754,385
40,21468,750,392
40,21508,718,373
40,21548,688,367
40,21588,707,375
40,21628,717,375
40,21668,698,369
41,21709,675,364
41,21750,684,368
40,21790,701,379
41,21831,716,381
40,21871,782,398
40,21911,775,398
40,21951,793,404
41,21992,784,398
40,22032,811,393
41,22073,780,389
41,22114,767,388
41,22155,766,382
40,22195,789,392
41,22236,754,377
41,22277,706,364
39,22316,689,360
41,22357,709,371
40,22397,714,371
40,22437,735,372
40,22477,735,376
40,22517,760,383
41,22558,763,386
40,22598,776,386
41,22639,759,381
40,22679,736,378
41,22720,735,376
40,22760,743,375
40,22800,728,379
40,22840,704,371
40,22880,724,378
41,22921,764,397
41,22962,750,378
40,23002,743,381
41,23043,746,385
40,23083,742,386
41,23124,748,380
41,23165,756,385
40,23205,755,384
42,23247,790,393
41,23288,759,388
42,23330,751,386
41,23371,756,385
40,23411,773,398
39,23450,743,381
41,23491,699,367
40,23531,694,368
41,23572,701,379
39,23611,713,378
41,23652,744,389
41,23693,734,388
42,23735,716,373
40,23775,700,371
39,23814,684,365
39,23853,689,362
40,23893,698,366
40,23933,709,371
40,23973,705,364
39,24012,695,364
41,24053,698,363
41,24094,697,366
41,24135,701,367
43,24178,717,368
40,24218,719,367
41,24259,706,363
39,24298,723,367
39,24337,710,367
40,24377,691,364
40,24417,713,374
40,24457,721,378
39,24496,718,375
40,24536,730,381
40,24576,739,379
40,24616,752,381
41,24657,734,372
40,24697,735,370
41,24738,722,367
41,24779,783,387
40,24819,761,384
39,24858,737,376
40,24898,709,363
40,24938,691,360
40,24978,681,359
40,25018,726,376
40,25058,745,382
40,25098,697,365
41,25139,694,370
39,25178,680,361
40,25218,663,347
40,25258,683,362
40,25298,691,366
40,25338,714,370
40,25378,699,363
39,25417,678,354
40,25457,710,370
40,25497,729,374
40,25537,718,371
42,25579,709,367
39,25618,702,360
41,25659,673,352
41,25700,677,356
40,25740,715,366
41,25781,713,363
40,25821,689,358
41,25862,669,354
40,25902,657,348
41,25943,624,339
40,25983,653,350
40,26023,652,355
40,26063,652,353
40,26103,649,354
40,26143,656,357
40,26183,661,357
41,26224,665,354
40,26264,651,351
40,26304,703,361
39,26343,714,364
39,26382,724,369
40,26422,696,364
39,26461,667,353
40,26501,667,358
39,26540,664,357
41,26581,664,349
40,26621,667,354
40,26661,666,360
40,26701,667,357
40,26741,682,361
41,26782,704,364
40,26822,693,367
41,26863,707,368
40,26903,693,366
40,26943,662,356
40,26983,670,356
40,27023,664,353
40,27063,666,361
39,27102,673,359
39,27141,672,360
40,27181,664,356
40,27221,674,364
41,27262,685,363
40,27302,676,362
42,27344,697,371
40,27384,692,365
40,27424,694,365
39,27463,700,370
39,27502,701,372
40,27542,679,359
40,27582,690,365
39,27621,674,357
41,27662,689,362
40,27702,688,361
39,27741,742,378
40,27781,743,388
40,27821,762,391
40,27861,765,389
40,27901,739,380
41,27942,735,376
41,27983,726,375
41,28024,719,375
40,28064,733,375
40,28104,731,370
41,28145,712,369
40,28185,742,382
39,28224,736,371
40,28264,750,377
40,28304,755,378
41,28345,733,380
41,28386,714,375
40,28426,749,389
40,28466,761,381
40,28506,708,361
39,28545,680,360
40,28585,708,369
40,28625,718,374
41,28666,708,372
41,28707,705,369
40,28747,710,375
40,28787,721,379
41,28828,706,375
40,28868,692,374
42,28910,725,380
41,28951,765,394
41,28992,744,388
39,29031,766,395
39,29070,750,390
41,29111,725,384
40,29151,723,384
41,29192,717,378
40,29232,689,366
40,29272,671,360
42,29314,654,353
40,29354,668,360
39,29393,689,369
40,29433,704,374
40,29473,713,375
39,29512,710,371
39,29551,692,367
41,29592,739,388
41,29633,766,395
40,29673,768,390
41,29714,793,397
41,29755,827,412
41,29796,810,410
42,29838,768,392
41,29879,724,380
41,29920,726,385
40,29960,717,380
41,30001,683,367
40,30041,691,367
41,30082,699,372
42,30124,722,376
39,30163,710,371
40,30203,712,377
40,30243,739,382
39,30282,741,390
40,30322,731,377
40,30362,744,387
40,30402,714,376
41,30443,699,371
41,30484,721,379
40,30524,726,381
40,30564,691,369
40,30604,694,370
41,30645,702,369
41,30686,693,366
39,30725,690,364
40,30765,709,370
41,30806,704,373
40,30846,698,369
40,30886,702,378
40,30926,735,383
40,30966,777,397
40,31006,776,394
39,31045,799,396
40,31085,787,400
40,31125,773,384
40,31165,727,375
40,31205,775,397
41,31246,741,385
41,31287,739,382
41,31328,775,391
41,31369,793,395
40,31409,776,390
41,31450,771,382
41,31491,763,387
40,31531,774,392
40,31571,782,391
39,31610,764,382
41,31651,744,380
41,31692,727,375
40,31732,741,376
40,31772,754,378
40,31812,716,370
40,31852,714,370
40,31892,776,395
39,31931,808,402
40,31971,767,386
40,32011,754,379
40,32051,755,384
40,32091,712,371
40,32131,710,369
40,32171,740,383
43,32214,760,393
41,32255,775,391
41,32296,765,391
41,32337,741,373
41,32378,741,377
41,32419,723,377
42,32461,740,382
40,32501,763,389
40,32541,722,380
40,32581,702,372
40,32621,720,384
39,32660,756,383
39,32699,739,382
40,32739,768,384
41,32780,743,383
40,32820,746,385
39,32859,719,379
39,32898,697,373
41,32939,702,368
42,32981,744,383
40,33021,733,377
41,33062,750,383
41,33103,752,378
39,33142,741,376
40,33182,752,380
40,33222,758,387
39,33261,737,380
39,33300,724,379
40,33340,708,373
41,33381,687,367
41,33422,705,372
44,33466,740,384
40,33506,709,372
40,33546,687,367
39,33585,684,368
40,33625,691,374
40,33665,720,381
41,33706,715,379
40,33746,711,372
42,33788,726,375
41,33829,721,364
42,33871,697,363
40,33911,713,377
39,33950,709,375
40,33990,703,370
40,34030,685,368
39,34069,667,359
39,34108,657,360
41,34149,689,370
43,34192,693,371
43,34235,677,364
41,34276,669,369
40,34316,677,368
39,34355,672,359
39,34394,671,359
41,34435,674,358
41,34476,646,351
40,34516,648,353
40,34556,645,349
41,34597,661,356
39,34636,660,357
40,34676,681,362
39,34715,709,372
40,34755,718,369
39,34794,694,356
40,34834,704,366
41,34875,710,361
39,34914,686,352
40,34954,650,345
41,34995,659,351
40,35035,692,359
40,35075,665,344
40,35115,680,354
40,35155,684,354
41,35196,689,354
40,35236,670,353
40,35276,685,356
40,35316,664,345
41,35357,697,359
41,35398,688,352
40,35438,689,356
41,35479,709,365
41,35520,721,365
